69 6d 70 6f 72 74 20 27  70 61 63 6b 61 67 65 3a
66 6c 75 74 74 65 72 2f  6d 61 74 65 72 69 61 6c
2e 64 61 72 74 27 3b 0d  0a 69 6d 70 6f 72 74 20
27 70 61 63 6b 61 67 65  3a 68 65 61 6c 74 68 67
75 61 72 64 2f 63 6f 72  65 2f 72 6f 75 74 65 73
2f 61 70 70 5f 72 6f 75  74 65 72 2e 64 61 72 74
27 3b 0d 0a 69 6d 70 6f  72 74 20 27 70 61 63 6b
61 67 65 3a 68 65 61 6c  74 68 67 75 61 72 64 2f
66 65 61 74 75 72 65 73  2f 61 75 74 68 2f 70 72
6f 76 69 64 65 72 73 2f  61 75 74 68 5f 70 72 6f
76 69 64 65 72 2e 64 61  72 74 27 3b 0d 0a 69 6d
70 6f 72 74 20 27 70 61  63 6b 61 67 65 3a 68 65
61 6c 74 68 67 75 61 72  64 2f 66 65 61 74 75 72
65 73 2f 70 72 6f 66 69  6c 65 2f 70 72 6f 76 69
64 65 72 73 2f 70 72 6f  66 69 6c 65 5f 70 72 6f
76 69 64 65 72 2e 64 61  72 74 27 3b 0d 0a 69 6d
70 6f 72 74 20 27 70 61  63 6b 61 67 65 3a 70 72
6f 76 69 64 65 72 2f 70  72 6f 76 69 64 65 72 2e
64 61 72 74 27 3b 0d 0a  0d 0a 63 6c 61 73 73 20
50 72 6f 66 69 6c 65 53  63 72 65 65 6e 20 65 78
74 65 6e 64 73 20 53 74  61 74 65 66 75 6c 57 69
64 67 65 74 20 7b 0d 0a  20 20 63 6f 6e 73 74 20
50 72 6f 66 69 6c 65 53  63 72 65 65 6e 28 7b 73
75 70 65 72 2e 6b 65 79  7d 29 3b 0d 0a 0d 0a 20
20 40 6f 76 65 72 72 69  64 65 0d 0a 20 20 53 74
61 74 65 3c 50 72 6f 66  69 6c 65 53 63 72 65 65
6e 3e 20 63 72 65 61 74  65 53 74 61 74 65 28 29
20 3d 3e 20 5f 50 72 6f  66 69 6c 65 53 63 72 65
65 6e 53 74 61 74 65 28  29 3b 0d 0a 7d 0d 0a 0d
0a 63 6c 61 73 73 20 5f  50 72 6f 66 69 6c 65 53
63 72 65 65 6e 53 74 61  74 65 20 65 78 74 65 6e
64 73 20 53 74 61 74 65  3c 50 72 6f 66 69 6c 65
53 63 72 65 65 6e 3e 20  7b 0d 0a 20 20 66 69 6e
61 6c 20 47 6c 6f 62 61  6c 4b 65 79 3c 46 6f 72
6d 53 74 61 74 65 3e 20  5f 66 6f 72 6d 4b 65 79
20 3d 20 47 6c 6f 62 61  6c 4b 65 79 3c 46 6f 72
6d 53 74 61 74 65 3e 28  29 3b 0d 0a 20 20 66 69
6e 61 6c 20 54 65 78 74  45 64 69 74 69 6e 67 43
6f 6e 74 72 6f 6c 6c 65  72 20 5f 66 75 6c 6c 4e
61 6d 65 43 6f 6e 74 72  6f 6c 6c 65 72 20 3d 20
54 65 78 74 45 64 69 74  69 6e 67 43 6f 6e 74 72
6f 6c 6c 65 72 28 29 3b  0d 0a 20 20 66 69 6e 61
6c 20 54 65 78 74 45 64  69 74 69 6e 67 43 6f 6e
74 72 6f 6c 6c 65 72 20  5f 70 68 6f 6e 65 43 6f
6e 74 72 6f 6c 6c 65 72  20 3d 20 54 65 78 74 45
64 69 74 69 6e 67 43 6f  6e 74 72 6f 6c 6c 65 72
28 29 3b 0d 0a 20 20 66  69 6e 61 6c 20 54 65 78
74 45 64 69 74 69 6e 67  43 6f 6e 74 72 6f 6c 6c
65 72 20 5f 64 6f 62 43  6f 6e 74 72 6f 6c 6c 65
72 20 3d 20 54 65 78 74  45 64 69 74 69 6e 67 43
6f 6e 74 72 6f 6c 6c 65  72 28 29 3b 0d 0a 20 20
66 69 6e 61 6c 20 54 65  78 74 45 64 69 74 69 6e
67 43 6f 6e 74 72 6f 6c  6c 65 72 20 5f 61 76 61
74 61 72 43 6f 6e 74 72  6f 6c 6c 65 72 20 3d 20
54 65 78 74 45 64 69 74  69 6e 67 43 6f 6e 74 72
6f 6c 6c 65 72 28 29 3b  0d 0a 0d 0a 20 20 44 61
74 65 54 69 6d 65 3f 20  5f 73 65 6c 65 63 74 65
64 44 61 74 65 3b 0d 0a  20 20 53 74 72 69 6e 67
3f 20 5f 6c 61 73 74 53  79 6e 63 65 64 50 72 6f
66 69 6c 65 4b 65 79 3b  0d 0a 0d 0a 20 20 40 6f
76 65 72 72 69 64 65 0d  0a 20 20 76 6f 69 64 20
69 6e 69 74 53 74 61 74  65 28 29 20 7b 0d 0a 20
20 20 20 73 75 70 65 72  2e 69 6e 69 74 53 74 61
74 65 28 29 3b 0d 0a 20  20 20 20 57 69 64 67 65
74 73 42 69 6e 64 69 6e  67 2e 69 6e 73 74 61 6e
63 65 2e 61 64 64 50 6f  73 74 46 72 61 6d 65 43
61 6c 6c 62 61 63 6b 28  28 5f 29 20 7b 0d 0a 20
20 20 20 20 20 69 66 20  28 21 6d 6f 75 6e 74 65
64 29 20 72 65 74 75 72  6e 3b 0d 0a 20 20 20 20
20 20 63 6f 6e 74 65 78  74 2e 72 65 61 64 3c 50
72 6f 66 69 6c 65 50 72  6f 76 69 64 65 72 3e 28
29 2e 66 65 74 63 68 50  72 6f 66 69 6c 65 28 29
3b 0d 0a 20 20 20 20 7d  29 3b 0d 0a 20 20 7d 0d
0a 0d 0a 20 20 40 6f 76  65 72 72 69 64 65 0d 0a
20 20 76 6f 69 64 20 64  69 73 70 6f 73 65 28 29
20 7b 0d 0a 20 20 20 20  5f 66 75 6c 6c 4e 61 6d
65 43 6f 6e 74 72 6f 6c  6c 65 72 2e 64 69 73 70
6f 73 65 28 29 3b 0d 0a  20 20 20 20 5f 70 68 6f
6e 65 43 6f 6e 74 72 6f  6c 6c 65 72 2e 64 69 73
70 6f 73 65 28 29 3b 0d  0a 20 20 20 20 5f 64 6f
62 43 6f 6e 74 72 6f 6c  6c 65 72 2e 64 69 73 70
6f 73 65 28 29 3b 0d 0a  20 20 20 20 5f 61 76 61
74 61 72 43 6f 6e 74 72  6f 6c 6c 65 72 2e 64 69
73 70 6f 73 65 28 29 3b  0d 0a 20 20 20 20 73 75
70 65 72 2e 64 69 73 70  6f 73 65 28 29 3b 0d 0a
20 20 7d 0d 0a 0d 0a 20  20 76 6f 69 64 20 5f 73
79 6e 63 46 6f 72 6d 46  72 6f 6d 50 72 6f 66 69
6c 65 28 50 72 6f 66 69  6c 65 50 72 6f 76 69 64
65 72 20 70 72 6f 66 69  6c 65 50 72 6f 76 69 64
65 72 29 20 7b 0d 0a 20  20 20 20 66 69 6e 61 6c
20 70 72 6f 66 69 6c 65  20 3d 20 70 72 6f 66 69
6c 65 50 72 6f 76 69 64  65 72 2e 70 72 6f 66 69
6c 65 3b 0d 0a 20 20 20  20 69 66 20 28 70 72 6f
66 69 6c 65 20 3d 3d 20  6e 75 6c 6c 29 20 72 65
74 75 72 6e 3b 0d 0a 20  20 20 20 66 69 6e 61 6c
20 63 75 72 72 65 6e 74  4b 65 79 20 3d 20 27 24
7b 70 72 6f 66 69 6c 65  2e 75 73 65 72 49 64 7d
2d 24 7b 70 72 6f 66 69  6c 65 2e 75 70 64 61 74
65 64 41 74 2e 74 6f 49  73 6f 38 36 30 31 53 74
72 69 6e 67 28 29 7d 27  3b 0d 0a 20 20 20 20 69
66 20 28 5f 6c 61 73 74  53 79 6e 63 65 64 50 72
6f 66 69 6c 65 4b 65 79  20 3d 3d 20 63 75 72 72
65 6e 74 4b 65 79 29 20  72 65 74 75 72 6e 3b 0d
0a 20 20 20 20 5f 66 75  6c 6c 4e 61 6d 65 43 6f
6e 74 72 6f 6c 6c 65 72  2e 74 65 78 74 20 3d 20
70 72 6f 66 69 6c 65 2e  66 75 6c 6c 4e 61 6d 65
3b 0d 0a 20 20 20 20 5f  70 68 6f 6e 65 43 6f 6e
74 72 6f 6c 6c 65 72 2e  74 65 78 74 20 3d 20 70
72 6f 66 69 6c 65 2e 70  68 6f 6e 65 20 3f 3f 20
27 27 3b 0d 0a 20 20 20  20 5f 61 76 61 74 61 72
43 6f 6e 74 72 6f 6c 6c  65 72 2e 74 65 78 74 20
3d 20 70 72 6f 66 69 6c  65 2e 61 76 61 74 61 72
55 72 6c 20 3f 3f 20 27  27 3b 0d 0a 20 20 20 20
5f 73 65 6c 65 63 74 65  64 44 61 74 65 20 3d 20
70 72 6f 66 69 6c 65 2e  64 61 74 65 4f 66 42 69
72 74 68 3b 0d 0a 20 20  20 20 5f 64 6f 62 43 6f
6e 74 72 6f 6c 6c 65 72  2e 74 65 78 74 20 3d 20
5f 66 6f 72 6d 61 74 44  61 74 65 28 70 72 6f 66
69 6c 65 2e 64 61 74 65  4f 66 42 69 72 74 68 29
3b 0d 0a 20 20 20 20 5f  6c 61 73 74 53 79 6e 63
65 64 50 72 6f 66 69 6c  65 4b 65 79 20 3d 20 63
75 72 72 65 6e 74 4b 65  79 3b 0d 0a 20 20 7d 0d
0a 0d 0a 20 20 53 74 72  69 6e 67 20 5f 66 6f 72
6d 61 74 44 61 74 65 28  44 61 74 65 54 69 6d 65
3f 20 76 61 6c 75 65 29  20 7b 0d 0a 20 20 20 20
69 66 20 28 76 61 6c 75  65 20 3d 3d 20 6e 75 6c
6c 29 20 72 65 74 75 72  6e 20 27 27 3b 0d 0a 20
20 20 20 66 69 6e 61 6c  20 64 61 79 20 3d 20 76
61 6c 75 65 2e 64 61 79  2e 74 6f 53 74 72 69 6e
67 28 29 2e 70 61 64 4c  65 66 74 28 32 2c 20 27
30 27 29 3b 0d 0a 20 20  20 20 66 69 6e 61 6c 20
6d 6f 6e 74 68 20 3d 20  76 61 6c 75 65 2e 6d 6f
6e 74 68 2e 74 6f 53 74  72 69 6e 67 28 29 2e 70
61 64 4c 65 66 74 28 32  2c 20 27 30 27 29 3b 0d
0a 20 20 20 20 72 65 74  75 72 6e 20 27 24 64 61
79 2f 24 6d 6f 6e 74 68  2f 24 7b 76 61 6c 75 65
2e 79 65 61 72 7d 27 3b  0d 0a 20 20 7d 0d 0a 0d
0a 20 20 46 75 74 75 72  65 3c 76 6f 69 64 3e 20
5f 70 69 63 6b 44 61 74  65 28 29 20 61 73 79 6e
63 20 7b 0d 0a 20 20 20  20 66 69 6e 61 6c 20 6e
6f 77 20 3d 20 44 61 74  65 54 69 6d 65 2e 6e 6f
77 28 29 3b 0d 0a 20 20  20 20 66 69 6e 61 6c 20
69 6e 69 74 69 61 6c 44  61 74 65 20 3d 20 5f 73
65 6c 65 63 74 65 64 44  61 74 65 20 3f 3f 20 44
61 74 65 54 69 6d 65 28  6e 6f 77 2e 79 65 61 72
20 2d 20 32 30 2c 20 6e  6f 77 2e 6d 6f 6e 74 68
2c 20 6e 6f 77 2e 64 61  79 29 3b 0d 0a 20 20 20
20 66 69 6e 61 6c 20 70  69 63 6b 65 64 20 3d 20
61 77 61 69 74 20 73 68  6f 77 44 61 74 65 50 69
63 6b 65 72 28 0d 0a 20  20 20 20 20 20 63 6f 6e
74 65 78 74 3a 20 63 6f  6e 74 65 78 74 2c 0d 0a
20 20 20 20 20 20 69 6e  69 74 69 61 6c 44 61 74
65 3a 20 69 6e 69 74 69  61 6c 44 61 74 65 2c 0d
0a 20 20 20 20 20 20 66  69 72 73 74 44 61 74 65
3a 20 44 61 74 65 54 69  6d 65 28 31 39 30 30 29
2c 0d 0a 20 20 20 20 20  20 6c 61 73 74 44 61 74
65 3a 20 6e 6f 77 2c 0d  0a 20 20 20 20 20 20 68
65 6c 70 54 65 78 74 3a  20 27 43 68 6f 6e 20 6e
67 61 79 20 73 69 6e 68  27 2c 0d 0a 20 20 20 20
20 20 63 61 6e 63 65 6c  54 65 78 74 3a 20 27 48
75 79 27 2c 0d 0a 20 20  20 20 20 20 63 6f 6e 66
69 72 6d 54 65 78 74 3a  20 27 43 68 6f 6e 27 2c
0d 0a 20 20 20 20 29 3b  0d 0a 20 20 20 20 69 66
20 28 70 69 63 6b 65 64  20 21 3d 20 6e 75 6c 6c
29 20 7b 0d 0a 20 20 20  20 20 20 73 65 74 53 74
61 74 65 28 28 29 20 7b  0d 0a 20 20 20 20 20 20
20 20 5f 73 65 6c 65 63  74 65 64 44 61 74 65 20
3d 20 70 69 63 6b 65 64  3b 0d 0a 20 20 20 20 20
20 20 20 5f 64 6f 62 43  6f 6e 74 72 6f 6c 6c 65
72 2e 74 65 78 74 20 3d  20 5f 66 6f 72 6d 61 74
44 61 74 65 28 70 69 63  6b 65 64 29 3b 0d 0a 20
20 20 20 20 20 7d 29 3b  0d 0a 20 20 20 20 7d 0d
0a 20 20 7d 0d 0a 0d 0a  20 20 46 75 74 75 72 65
3c 76 6f 69 64 3e 20 5f  68 61 6e 64 6c 65 53 61
76 65 28 50 72 6f 66 69  6c 65 50 72 6f 76 69 64
65 72 20 70 72 6f 66 69  6c 65 50 72 6f 76 69 64
65 72 29 20 61 73 79 6e  63 20 7b 0d 0a 20 20 20
20 69 66 20 28 21 5f 66  6f 72 6d 4b 65 79 2e 63
75 72 72 65 6e 74 53 74  61 74 65 21 2e 76 61 6c
69 64 61 74 65 28 29 29  20 72 65 74 75 72 6e 3b
0d 0a 0d 0a 20 20 20 20  66 69 6e 61 6c 20 73 75
63 63 65 73 73 20 3d 20  61 77 61 69 74 20 70 72
6f 66 69 6c 65 50 72 6f  76 69 64 65 72 2e 75 70
64 61 74 65 50 72 6f 66  69 6c 65 28 0d 0a 20 20
20 20 20 20 66 75 6c 6c  4e 61 6d 65 3a 20 5f 66
75 6c 6c 4e 61 6d 65 43  6f 6e 74 72 6f 6c 6c 65
72 2e 74 65 78 74 2e 74  72 69 6d 28 29 2c 0d 0a
20 20 20 20 20 20 70 68  6f 6e 65 3a 20 5f 70 68
6f 6e 65 43 6f 6e 74 72  6f 6c 6c 65 72 2e 74 65
78 74 2e 74 72 69 6d 28  29 2e 69 73 45 6d 70 74
79 20 3f 20 6e 75 6c 6c  20 3a 20 5f 70 68 6f 6e
65 43 6f 6e 74 72 6f 6c  6c 65 72 2e 74 65 78 74
2e 74 72 69 6d 28 29 2c  0d 0a 20 20 20 20 20 20
64 61 74 65 4f 66 42 69  72 74 68 3a 20 5f 73 65
6c 65 63 74 65 64 44 61  74 65 2c 0d 0a 20 20 20
20 20 20 61 76 61 74 61  72 55 72 6c 3a 20 5f 61
76 61 74 61 72 43 6f 6e  74 72 6f 6c 6c 65 72 2e
74 65 78 74 2e 74 72 69  6d 28 29 2e 69 73 45 6d
70 74 79 20 3f 20 6e 75  6c 6c 20 3a 20 5f 61 76
61 74 61 72 43 6f 6e 74  72 6f 6c 6c 65 72 2e 74
65 78 74 2e 74 72 69 6d  28 29 2c 0d 0a 20 20 20
20 29 3b 0d 0a 0d 0a 20  20 20 20 69 66 20 28 21
6d 6f 75 6e 74 65 64 29  20 72 65 74 75 72 6e 3b
0d 0a 20 20 20 20 69 66  20 28 73 75 63 63 65 73
73 29 20 7b 0d 0a 20 20  20 20 20 20 53 63 61 66
66 6f 6c 64 4d 65 73 73  65 6e 67 65 72 2e 6f 66
28 63 6f 6e 74 65 78 74  29 2e 73 68 6f 77 53 6e
61 63 6b 42 61 72 28 0d  0a 20 20 20 20 20 20 20
20 63 6f 6e 73 74 20 53  6e 61 63 6b 42 61 72 28
63 6f 6e 74 65 6e 74 3a  20 54 65 78 74 28 27 43
61 70 20 6e 68 61 74 20  74 68 6f 6e 67 20 74 69
6e 20 74 68 61 6e 68 20  63 6f 6e 67 27 29 29 2c
0d 0a 20 20 20 20 20 20  29 3b 0d 0a 20 20 20 20
7d 20 65 6c 73 65 20 7b  0d 0a 20 20 20 20 20 20
53 63 61 66 66 6f 6c 64  4d 65 73 73 65 6e 67 65
72 2e 6f 66 28 63 6f 6e  74 65 78 74 29 2e 73 68
6f 77 53 6e 61 63 6b 42  61 72 28 0d 0a 20 20 20
20 20 20 20 20 53 6e 61  63 6b 42 61 72 28 63 6f
6e 74 65 6e 74 3a 20 54  65 78 74 28 70 72 6f 66
69 6c 65 50 72 6f 76 69  64 65 72 2e 65 72 72 6f
72 4d 65 73 73 61 67 65  20 3f 3f 20 27 43 61 70
20 6e 68 61 74 20 74 68  61 74 20 62 61 69 27 29
29 2c 0d 0a 20 20 20 20  20 20 29 3b 0d 0a 20 20
20 20 7d 0d 0a 20 20 7d  0d 0a 0d 0a 20 20 46 75
74 75 72 65 3c 76 6f 69  64 3e 20 5f 63 6f 6e 66
69 72 6d 4c 6f 67 6f 75  74 28 29 20 61 73 79 6e
63 20 7b 0d 0a 20 20 20  20 66 69 6e 61 6c 20 63
6f 6e 66 69 72 6d 65 64  20 3d 20 61 77 61 69 74
20 73 68 6f 77 44 69 61  6c 6f 67 3c 62 6f 6f 6c
3e 28 0d 0a 20 20 20 20  20 20 63 6f 6e 74 65 78
74 3a 20 63 6f 6e 74 65  78 74 2c 0d 0a 20 20 20
20 20 20 62 75 69 6c 64  65 72 3a 20 28 63 74 78
29 20 7b 0d 0a 20 20 20  20 20 20 20 20 72 65 74
75 72 6e 20 41 6c 65 72  74 44 69 61 6c 6f 67 28
0d 0a 20 20 20 20 20 20  20 20 20 20 74 69 74 6c
65 3a 20 63 6f 6e 73 74  20 54 65 78 74 28 27 58
61 63 20 6e 68 61 6e 20  64 61 6e 67 20 78 75 61
74 27 29 2c 0d 0a 20 20  20 20 20 20 20 20 20 20
63 6f 6e 74 65 6e 74 3a  20 63 6f 6e 73 74 20 54
65 78 74 28 27 42 61 6e  20 63 6f 20 63 68 61 63
20 63 68 61 6e 20 6d 75  6f 6e 20 64 61 6e 67 20
78 75 61 74 20 6b 68 6f  6e 67 3f 27 29 2c 0d 0a
20 20 20 20 20 20 20 20  20 20 61 63 74 69 6f 6e
73 3a 20 5b 0d 0a 20 20  20 20 20 20 20 20 20 20
20 20 54 65 78 74 42 75  74 74 6f 6e 28 0d 0a 20
20 20 20 20 20 20 20 20  20 20 20 20 20 6f 6e 50
72 65 73 73 65 64 3a 20  28 29 20 3d 3e 20 4e 61
76 69 67 61 74 6f 72 2e  6f 66 28 63 74 78 29 2e
70 6f 70 28 66 61 6c 73  65 29 2c 0d 0a 20 20 20
20 20 20 20 20 20 20 20  20 20 20 63 68 69 6c 64
3a 20 63 6f 6e 73 74 20  54 65 78 74 28 27 48 75
79 27 29 2c 0d 0a 20 20  20 20 20 20 20 20 20 20
20 20 29 2c 0d 0a 20 20  20 20 20 20 20 20 20 20
20 20 45 6c 65 76 61 74  65 64 42 75 74 74 6f 6e
28 0d 0a 20 20 20 20 20  20 20 20 20 20 20 20 20
20 6f 6e 50 72 65 73 73  65 64 3a 20 28 29 20 3d
3e 20 4e 61 76 69 67 61  74 6f 72 2e 6f 66 28 63
74 78 29 2e 70 6f 70 28  74 72 75 65 29 2c 0d 0a
20 20 20 20 20 20 20 20  20 20 20 20 20 20 73 74
79 6c 65 3a 20 45 6c 65  76 61 74 65 64 42 75 74
74 6f 6e 2e 73 74 79 6c  65 46 72 6f 6d 28 62 61
63 6b 67 72 6f 75 6e 64  43 6f 6c 6f 72 3a 20 43
6f 6c 6f 72 73 2e 72 65  64 29 2c 0d 0a 20 20 20
20 20 20 20 20 20 20 20  20 20 20 63 68 69 6c 64
3a 20 63 6f 6e 73 74 20  54 65 78 74 28 27 44 61
6e 67 20 78 75 61 74 27  29 2c 0d 0a 20 20 20 20
20 20 20 20 20 20 20 20  29 2c 0d 0a 20 20 20 20
20 20 20 20 20 20 5d 2c  0d 0a 20 20 20 20 20 20
20 20 29 3b 0d 0a 20 20  20 20 20 20 7d 2c 0d 0a
20 20 20 20 29 3b 0d 0a  0d 0a 20 20 20 20 69 66
20 28 63 6f 6e 66 69 72  6d 65 64 20 21 3d 20 74
72 75 65 20 7c 7c 20 21  6d 6f 75 6e 74 65 64 29
20 72 65 74 75 72 6e 3b  0d 0a 0d 0a 20 20 20 20
61 77 61 69 74 20 63 6f  6e 74 65 78 74 2e 72 65
61 64 3c 41 75 74 68 50  72 6f 76 69 64 65 72 3e
28 29 2e 6c 6f 67 6f 75  74 28 29 3b 0d 0a 20 20
20 20 69 66 20 28 21 6d  6f 75 6e 74 65 64 29 20
72 65 74 75 72 6e 3b 0d  0a 20 20 20 20 4e 61 76
69 67 61 74 6f 72 2e 70  75 73 68 4e 61 6d 65 64
41 6e 64 52 65 6d 6f 76  65 55 6e 74 69 6c 28 63
6f 6e 74 65 78 74 2c 20  41 70 70 52 6f 75 74 65
72 2e 6c 6f 67 69 6e 2c  20 28 72 6f 75 74 65 29
20 3d 3e 20 66 61 6c 73  65 29 3b 0d 0a 20 20 7d
0d 0a 0d 0a 20 20 40 6f  76 65 72 72 69 64 65 0d
0a 20 20 57 69 64 67 65  74 20 62 75 69 6c 64 28
42 75 69 6c 64 43 6f 6e  74 65 78 74 20 63 6f 6e
74 65 78 74 29 20 7b 0d  0a 20 20 20 20 72 65 74
75 72 6e 20 43 6f 6e 73  75 6d 65 72 3c 50 72 6f
66 69 6c 65 50 72 6f 76  69 64 65 72 3e 28 0d 0a
20 20 20 20 20 20 62 75  69 6c 64 65 72 3a 20 28
63 6f 6e 74 65 78 74 2c  20 70 72 6f 66 69 6c 65
50 72 6f 76 69 64 65 72  2c 20 5f 29 20 7b 0d 0a
20 20 20 20 20 20 20 20  5f 73 79 6e 63 46 6f 72
6d 46 72 6f 6d 50 72 6f  66 69 6c 65 28 70 72 6f
66 69 6c 65 50 72 6f 76  69 64 65 72 29 3b 0d 0a
0d 0a 20 20 20 20 20 20  20 20 72 65 74 75 72 6e
20 53 63 61 66 66 6f 6c  64 28 0d 0a 20 20 20 20
20 20 20 20 20 20 61 70  70 42 61 72 3a 20 41 70
70 42 61 72 28 0d 0a 20  20 20 20 20 20 20 20 20
20 20 20 74 69 74 6c 65  3a 20 63 6f 6e 73 74 20
54 65 78 74 28 27 54 68  6f 6e 67 20 74 69 6e 20
63 61 20 6e 68 61 6e 27  29 2c 0d 0a 20 20 20 20
20 20 20 20 20 20 20 20  62 61 63 6b 67 72 6f 75
6e 64 43 6f 6c 6f 72 3a  20 43 6f 6c 6f 72 73 2e
62 6c 75 65 5b 37 30 30  5d 2c 0d 0a 20 20 20 20
20 20 20 20 20 20 20 20  61 63 74 69 6f 6e 73 3a
20 5b 0d 0a 20 20 20 20  20 20 20 20 20 20 20 20
20 20 49 63 6f 6e 42 75  74 74 6f 6e 28 0d 0a 20
20 20 20 20 20 20 20 20  20 20 20 20 20 20 20 6f
6e 50 72 65 73 73 65 64  3a 20 70 72 6f 66 69 6c
65 50 72 6f 76 69 64 65  72 2e 69 73 4c 6f 61 64
69 6e 67 0d 0a 20 20 20  20 20 20 20 20 20 20 20
20 20 20 20 20 20 20 20  20 3f 20 6e 75 6c 6c 0d
0a 20 20 20 20 20 20 20  20 20 20 20 20 20 20 20
20 20 20 20 20 3a 20 28  29 20 3d 3e 20 63 6f 6e
74 65 78 74 2e 72 65 61  64 3c 50 72 6f 66 69 6c
65 50 72 6f 76 69 64 65  72 3e 28 29 2e 66 65 74
63 68 50 72 6f 66 69 6c  65 28 29 2c 0d 0a 20 20
20 20 20 20 20 20 20 20  20 20 20 20 20 20 69 63
6f 6e 3a 20 63 6f 6e 73  74 20 49 63 6f 6e 28 49
63 6f 6e 73 2e 72 65 66  72 65 73 68 29 2c 0d 0a
20 20 20 20 20 20 20 20  20 20 20 20 20 20 29 2c
0d 0a 20 20 20 20 20 20  20 20 20 20 20 20 29 2c
0d 0a 20 20 20 20 20 20  20 20 20 20 29 2c 0d 0a
20 20 20 20 20 20 20 20  20 20 62 6f 64 79 3a 20
70 72 6f 66 69 6c 65 50  72 6f 76 69 64 65 72 2e
69 73 4c 6f 61 64 69 6e  67 20 26 26 20 70 72 6f
66 69 6c 65 50 72 6f 76  69 64 65 72 2e 70 72 6f
66 69 6c 65 20 3d 3d 20  6e 75 6c 6c 0d 0a 20 20
20 20 20 20 20 20 20 20  20 20 20 20 3f 20 63 6f
6e 73 74 20 43 65 6e 74  65 72 28 63 68 69 6c 64
3a 20 43 69 72 63 75 6c  61 72 50 72 6f 67 72 65
73 73 49 6e 64 69 63 61  74 6f 72 28 29 29 0d 0a
20 20 20 20 20 20 20 20  20 20 20 20 20 20 3a 20
53 69 6e 67 6c 65 43 68  69 6c 64 53 63 72 6f 6c
6c 56 69 65 77 28 0d 0a  20 20 20 20 20 20 20 20
20 20 20 20 20 20 20 20  20 20 70 61 64 64 69 6e
67 3a 20 63 6f 6e 73 74  20 45 64 67 65 49 6e 73
65 74 73 2e 61 6c 6c 28  31 36 29 2c 0d 0a 20 20
20 20 20 20 20 20 20 20  20 20 20 20 20 20 20 20
63 68 69 6c 64 3a 20 46  6f 72 6d 28 0d 0a 20 20
20 20 20 20 20 20 20 20  20 20 20 20 20 20 20 20
20 20 6b 65 79 3a 20 5f  66 6f 72 6d 4b 65 79 2c
0d 0a 20 20 20 20 20 20  20 20 20 20 20 20 20 20
20 20 20 20 20 20 63 68  69 6c 64 3a 20 43 6f 6c
75 6d 6e 28 0d 0a 20 20  20 20 20 20 20 20 20 20
20 20 20 20 20 20 20 20  20 20 20 20 63 72 6f 73
73 41 78 69 73 41 6c 69  67 6e 6d 65 6e 74 3a 20
43 72 6f 73 73 41 78 69  73 41 6c 69 67 6e 6d 65
6e 74 2e 73 74 61 72 74  2c 0d 0a 20 20 20 20 20
20 20 20 20 20 20 20 20  20 20 20 20 20 20 20 20
20 63 68 69 6c 64 72 65  6e 3a 20 5b 0d 0a 20 20
20 20 20 20 20 20 20 20  20 20 20 20 20 20 20 20
20 20 20 20 20 20 5f 49  6e 66 6f 43 61 72 64 28
70 72 6f 66 69 6c 65 50  72 6f 76 69 64 65 72 3a
20 70 72 6f 66 69 6c 65  50 72 6f 76 69 64 65 72
29 2c 0d 0a 20 20 20 20  20 20 20 20 20 20 20 20
20 20 20 20 20 20 20 20  20 20 20 20 63 6f 6e 73
74 20 53 69 7a 65 64 42  6f 78 28 68 65 69 67 68
74 3a 20 31 36 29 2c 0d  0a 20 20 20 20 20 20 20
20 20 20 20 20 20 20 20  20 20 20 20 20 20 20 20
20 63 6f 6e 73 74 20 54  65 78 74 28 0d 0a 20 20
20 20 20 20 20 20 20 20  20 20 20 20 20 20 20 20
20 20 20 20 20 20 20 20  27 43 61 69 20 64 61 74
20 74 61 69 20 6b 68 6f  61 6e 27 2c 0d 0a 20 20
20 20 20 20 20 20 20 20  20 20 20 20 20 20 20 20
20 20 20 20 20 20 20 20  73 74 79 6c 65 3a 20 54
65 78 74 53 74 79 6c 65  28 0d 0a 20 20 20 20 20
20 20 20 20 20 20 20 20  20 20 20 20 20 20 20 20
20 20 20 20 20 20 20 66  6f 6e 74 53 69 7a 65 3a
20 31 38 2c 0d 0a 20 20  20 20 20 20 20 20 20 20
20 20 20 20 20 20 20 20  20 20 20 20 20 20 20 20
20 20 66 6f 6e 74 57 65  69 67 68 74 3a 20 46 6f
6e 74 57 65 69 67 68 74  2e 77 37 30 30 2c 0d 0a
20 20 20 20 20 20 20 20  20 20 20 20 20 20 20 20
20 20 20 20 20 20 20 20  20 20 29 2c 0d 0a 20 20
20 20 20 20 20 20 20 20  20 20 20 20 20 20 20 20
20 20 20 20 20 20 29 2c  0d 0a 20 20 20 20 20 20
20 20 20 20 20 20 20 20  20 20 20 20 20 20 20 20
20 20 63 6f 6e 73 74 20  53 69 7a 65 64 42 6f 78
28 68 65 69 67 68 74 3a  20 31 32 29 2c 0d 0a 20
20 20 20 20 20 20 20 20  20 20 20 20 20 20 20 20
20 20 20 20 20 20 20 54  65 78 74 46 6f 72 6d 46
69 65 6c 64 28 0d 0a 20  20 20 20 20 20 20 20 20
20 20 20 20 20 20 20 20  20 20 20 20 20 20 20 20
20 63 6f 6e 74 72 6f 6c  6c 65 72 3a 20 5f 66 75
6c 6c 4e 61 6d 65 43 6f  6e 74 72 6f 6c 6c 65 72
2c 0d 0a 20 20 20 20 20  20 20 20 20 20 20 20 20
20 20 20 20 20 20 20 20  20 20 20 20 20 74 65 78
74 49 6e 70 75 74 41 63  74 69 6f 6e 3a 20 54 65
78 74 49 6e 70 75 74 41  63 74 69 6f 6e 2e 6e 65
78 74 2c 0d 0a 20 20 20  20 20 20 20 20 20 20 20
20 20 20 20 20 20 20 20  20 20 20 20 20 20 20 64
65 63 6f 72 61 74 69 6f  6e 3a 20 63 6f 6e 73 74
20 49 6e 70 75 74 44 65  63 6f 72 61 74 69 6f 6e
28 0d 0a 20 20 20 20 20  20 20 20 20 20 20 20 20
20 20 20 20 20 20 20 20  20 20 20 20 20 20 20 6c
61 62 65 6c 54 65 78 74  3a 20 27 48 6f 20 76 61
20 74 65 6e 27 2c 0d 0a  20 20 20 20 20 20 20 20
20 20 20 20 20 20 20 20  20 20 20 20 20 20 20 20
20 20 20 20 62 6f 72 64  65 72 3a 20 4f 75 74 6c
69 6e 65 49 6e 70 75 74  42 6f 72 64 65 72 28 29
2c 0d 0a 20 20 20 20 20  20 20 20 20 20 20 20 20
20 20 20 20 20 20 20 20  20 20 20 20 20 29 2c 0d
0a 20 20 20 20 20 20 20  20 20 20 20 20 20 20 20
20 20 20 20 20 20 20 20  20 20 20 76 61 6c 69 64
61 74 6f 72 3a 20 28 76  61 6c 75 65 29 20 7b 0d
0a 20 20 20 20 20 20 20  20 20 20 20 20 20 20 20
20 20 20 20 20 20 20 20  20 20 20 20 20 66 69 6e
61 6c 20 74 65 78 74 20  3d 20 76 61 6c 75 65 3f
2e 74 72 69 6d 28 29 20  3f 3f 20 27 27 3b 0d 0a
20 20 20 20 20 20 20 20  20 20 20 20 20 20 20 20
20 20 20 20 20 20 20 20  20 20 20 20 69 66 20 28
74 65 78 74 2e 6c 65 6e  67 74 68 20 3c 20 32 29
20 7b 0d 0a 20 20 20 20  20 20 20 20 20 20 20 20
20 20 20 20 20 20 20 20  20 20 20 20 20 20 20 20
20 20 72 65 74 75 72 6e  20 27 48 6f 20 74 65 6e
20 70 68 61 69 20 74 75  20 32 20 6b 79 20 74 75
27 3b 0d 0a 20 20 20 20  20 20 20 20 20 20 20 20
20 20 20 20 20 20 20 20  20 20 20 20 20 20 20 20
7d 0d 0a 20 20 20 20 20  20 20 20 20 20 20 20 20
20 20 20 20 20 20 20 20  20 20 20 20 20 20 20 72
65 74 75 72 6e 20 6e 75  6c 6c 3b 0d 0a 20 20 20
20 20 20 20 20 20 20 20  20 20 20 20 20 20 20 20
20 20 20 20 20 20 20 7d  2c 0d 0a 20 20 20 20 20
20 20 20 20 20 20 20 20  20 20 20 20 20 20 20 20
20 20 20 29 2c 0d 0a 20  20 20 20 20 20 20 20 20
20 20 20 20 20 20 20 20  20 20 20 20 20 20 20 63
6f 6e 73 74 20 53 69 7a  65 64 42 6f 78 28 68 65
69 67 68 74 3a 20 31 32  29 2c 0d 0a 20 20 20 20
20 20 20 20 20 20 20 20  20 20 20 20 20 20 20 20
20 20 20 20 54 65 78 74  46 6f 72 6d 46 69 65 6c
64 28 0d 0a 20 20 20 20  20 20 20 20 20 20 20 20
20 20 20 20 20 20 20 20  20 20 20 20 20 20 63 6f
6e 74 72 6f 6c 6c 65 72  3a 20 5f 70 68 6f 6e 65
43 6f 6e 74 72 6f 6c 6c  65 72 2c 0d 0a 20 20 20
20 20 20 20 20 20 20 20  20 20 20 20 20 20 20 20
20 20 20 20 20 20 20 6b  65 79 62 6f 61 72 64 54
79 70 65 3a 20 54 65 78  74 49 6e 70 75 74 54 79
70 65 2e 70 68 6f 6e 65  2c 0d 0a 20 20 20 20 20
20 20 20 20 20 20 20 20  20 20 20 20 20 20 20 20
20 20 20 20 20 74 65 78  74 49 6e 70 75 74 41 63
74 69 6f 6e 3a 20 54 65  78 74 49 6e 70 75 74 41
63 74 69 6f 6e 2e 6e 65  78 74 2c 0d 0a 20 20 20
20 20 20 20 20 20 20 20  20 20 20 20 20 20 20 20
20 20 20 20 20 20 20 64  65 63 6f 72 61 74 69 6f
6e 3a 20 63 6f 6e 73 74  20 49 6e 70 75 74 44 65
63 6f 72 61 74 69 6f 6e  28 0d 0a 20 20 20 20 20
20 20 20 20 20 20 20 20  20 20 20 20 20 20 20 20
20 20 20 20 20 20 20 6c  61 62 65 6c 54 65 78 74
3a 20 27 53 6f 20 64 69  65 6e 20 74 68 6f 61 69
27 2c 0d 0a 20 20 20 20  20 20 20 20 20 20 20 20
20 20 20 20 20 20 20 20  20 20 20 20 20 20 20 20
62 6f 72 64 65 72 3a 20  4f 75 74 6c 69 6e 65 49
6e 70 75 74 42 6f 72 64  65 72 28 29 2c 0d 0a 20
20 20 20 20 20 20 20 20  20 20 20 20 20 20 20 20
20 20 20 20 20 20 20 20  20 29 2c 0d 0a 20 20 20
20 20 20 20 20 20 20 20  20 20 20 20 20 20 20 20
20 20 20 20 20 20 20 76  61 6c 69 64 61 74 6f 72
3a 20 28 76 61 6c 75 65  29 20 7b 0d 0a 20 20 20
20 20 20 20 20 20 20 20  20 20 20 20 20 20 20 20
20 20 20 20 20 20 20 20  20 66 69 6e 61 6c 20 74
65 78 74 20 3d 20 76 61  6c 75 65 3f 2e 72 65 70
6c 61 63 65 41 6c 6c 28  52 65 67 45 78 70 28 72
27 5c 73 7c 2d 27 29 2c  20 27 27 29 2e 74 72 69
6d 28 29 20 3f 3f 20 27  27 3b 0d 0a 20 20 20 20
20 20 20 20 20 20 20 20  20 20 20 20 20 20 20 20
20 20 20 20 20 20 20 20  69 66 20 28 74 65 78 74
2e 69 73 45 6d 70 74 79  29 20 72 65 74 75 72 6e
20 6e 75 6c 6c 3b 0d 0a  20 20 20 20 20 20 20 20
20 20 20 20 20 20 20 20  20 20 20 20 20 20 20 20
20 20 20 20 69 66 20 28  74 65 78 74 2e 6c 65 6e
67 74 68 20 3c 20 31 30  20 7c 7c 20 74 65 78 74
2e 6c 65 6e 67 74 68 20  3e 20 31 35 20 7c 7c 20
52 65 67 45 78 70 28 72  27 5c 44 27 29 2e 68 61
73 4d 61 74 63 68 28 74  65 78 74 29 29 20 7b 0d
0a 20 20 20 20 20 20 20  20 20 20 20 20 20 20 20
20 20 20 20 20 20 20 20  20 20 20 20 20 20 20 72
65 74 75 72 6e 20 27 53  6f 20 64 69 65 6e 20 74
68 6f 61 69 20 70 68 61  69 20 74 75 20 31 30 20
64 65 6e 20 31 35 20 63  68 75 20 73 6f 27 3b 0d
0a 20 20 20 20 20 20 20  20 20 20 20 20 20 20 20
20 20 20 20 20 20 20 20  20 20 20 20 20 7d 0d 0a
20 20 20 20 20 20 20 20  20 20 20 20 20 20 20 20
20 20 20 20 20 20 20 20  20 20 20 20 72 65 74 75
72 6e 20 6e 75 6c 6c 3b  0d 0a 20 20 20 20 20 20
20 20 20 20 20 20 20 20  20 20 20 20 20 20 20 20
20 20 20 20 7d 2c 0d 0a  20 20 20 20 20 20 20 20
20 20 20 20 20 20 20 20  20 20 20 20 20 20 20 20
29 2c 0d 0a 20 20 20 20  20 20 20 20 20 20 20 20
20 20 20 20 20 20 20 20  20 20 20 20 63 6f 6e 73
74 20 53 69 7a 65 64 42  6f 78 28 68 65 69 67 68
74 3a 20 31 32 29 2c 0d  0a 20 20 20 20 20 20 20
20 20 20 20 20 20 20 20  20 20 20 20 20 20 20 20
20 54 65 78 74 46 6f 72  6d 46 69 65 6c 64 28 0d
0a 20 20 20 20 20 20 20  20 20 20 20 20 20 20 20
20 20 20 20 20 20 20 20  20 20 20 63 6f 6e 74 72
6f 6c 6c 65 72 3a 20 5f  64 6f 62 43 6f 6e 74 72
6f 6c 6c 65 72 2c 0d 0a  20 20 20 20 20 20 20 20
20 20 20 20 20 20 20 20  20 20 20 20 20 20 20 20
20 20 72 65 61 64 4f 6e  6c 79 3a 20 74 72 75 65
2c 0d 0a 20 20 20 20 20  20 20 20 20 20 20 20 20
20 20 20 20 20 20 20 20  20 20 20 20 20 6f 6e 54
61 70 3a 20 5f 70 69 63  6b 44 61 74 65 2c 0d 0a
20 20 20 20 20 20 20 20  20 20 20 20 20 20 20 20
20 20 20 20 20 20 20 20  20 20 64 65 63 6f 72 61
74 69 6f 6e 3a 20 63 6f  6e 73 74 20 49 6e 70 75
74 44 65 63 6f 72 61 74  69 6f 6e 28 0d 0a 20 20
20 20 20 20 20 20 20 20  20 20 20 20 20 20 20 20
20 20 20 20 20 20 20 20  20 20 6c 61 62 65 6c 54
65 78 74 3a 20 27 4e 67  61 79 20 73 69 6e 68 27
2c 0d 0a 20 20 20 20 20  20 20 20 20 20 20 20 20
20 20 20 20 20 20 20 20  20 20 20 20 20 20 20 62
6f 72 64 65 72 3a 20 4f  75 74 6c 69 6e 65 49 6e
70 75 74 42 6f 72 64 65  72 28 29 2c 0d 0a 20 20
20 20 20 20 20 20 20 20  20 20 20 20 20 20 20 20
20 20 20 20 20 20 20 20  20 20 73 75 66 66 69 78
49 63 6f 6e 3a 20 49 63  6f 6e 28 49 63 6f 6e 73
2e 63 61 6c 65 6e 64 61  72 5f 74 6f 64 61 79 29
2c 0d 0a 20 20 20 20 20  20 20 20 20 20 20 20 20
20 20 20 20 20 20 20 20  20 20 20 20 20 29 2c 0d
0a 20 20 20 20 20 20 20  20 20 20 20 20 20 20 20
20 20 20 20 20 20 20 20  20 29 2c 0d 0a 20 20 20
20 20 20 20 20 20 20 20  20 20 20 20 20 20 20 20
20 20 20 20 20 63 6f 6e  73 74 20 53 69 7a 65 64
42 6f 78 28 68 65 69 67  68 74 3a 20 31 32 29 2c
0d 0a 20 20 20 20 20 20  20 20 20 20 20 20 20 20
20 20 20 20 20 20 20 20  20 20 54 65 78 74 46 6f
72 6d 46 69 65 6c 64 28  0d 0a 20 20 20 20 20 20
20 20 20 20 20 20 20 20  20 20 20 20 20 20 20 20
20 20 20 20 63 6f 6e 74  72 6f 6c 6c 65 72 3a 20
5f 61 76 61 74 61 72 43  6f 6e 74 72 6f 6c 6c 65
72 2c 0d 0a 20 20 20 20  20 20 20 20 20 20 20 20
20 20 20 20 20 20 20 20  20 20 20 20 20 20 74 65
78 74 49 6e 70 75 74 41  63 74 69 6f 6e 3a 20 54
65 78 74 49 6e 70 75 74  41 63 74 69 6f 6e 2e 64
6f 6e 65 2c 0d 0a 20 20  20 20 20 20 20 20 20 20
20 20 20 20 20 20 20 20  20 20 20 20 20 20 20 20
64 65 63 6f 72 61 74 69  6f 6e 3a 20 63 6f 6e 73
74 20 49 6e 70 75 74 44  65 63 6f 72 61 74 69 6f
6e 28 0d 0a 20 20 20 20  20 20 20 20 20 20 20 20
20 20 20 20 20 20 20 20  20 20 20 20 20 20 20 20
6c 61 62 65 6c 54 65 78  74 3a 20 27 41 76 61 74
61 72 20 55 52 4c 27 2c  0d 0a 20 20 20 20 20 20
20 20 20 20 20 20 20 20  20 20 20 20 20 20 20 20
20 20 20 20 20 20 62 6f  72 64 65 72 3a 20 4f 75
74 6c 69 6e 65 49 6e 70  75 74 42 6f 72 64 65 72
28 29 2c 0d 0a 20 20 20  20 20 20 20 20 20 20 20
20 20 20 20 20 20 20 20  20 20 20 20 20 20 20 29
2c 0d 0a 20 20 20 20 20  20 20 20 20 20 20 20 20
20 20 20 20 20 20 20 20  20 20 20 29 2c 0d 0a 20
20 20 20 20 20 20 20 20  20 20 20 20 20 20 20 20
20 20 20 20 20 20 20 69  66 20 28 70 72 6f 66 69
6c 65 50 72 6f 76 69 64  65 72 2e 65 72 72 6f 72
4d 65 73 73 61 67 65 20  21 3d 20 6e 75 6c 6c 29
20 2e 2e 2e 5b 0d 0a 20  20 20 20 20 20 20 20 20
20 20 20 20 20 20 20 20  20 20 20 20 20 20 20 20
20 63 6f 6e 73 74 20 53  69 7a 65 64 42 6f 78 28
68 65 69 67 68 74 3a 20  31 32 29 2c 0d 0a 20 20
20 20 20 20 20 20 20 20  20 20 20 20 20 20 20 20
20 20 20 20 20 20 20 20  54 65 78 74 28 0d 0a 20
20 20 20 20 20 20 20 20  20 20 20 20 20 20 20 20
20 20 20 20 20 20 20 20  20 20 20 70 72 6f 66 69
6c 65 50 72 6f 76 69 64  65 72 2e 65 72 72 6f 72
4d 65 73 73 61 67 65 21  2c 0d 0a 20 20 20 20 20
20 20 20 20 20 20 20 20  20 20 20 20 20 20 20 20
20 20 20 20 20 20 20 73  74 79 6c 65 3a 20 63 6f
6e 73 74 20 54 65 78 74  53 74 79 6c 65 28 63 6f
6c 6f 72 3a 20 43 6f 6c  6f 72 73 2e 72 65 64 29
2c 0d 0a 20 20 20 20 20  20 20 20 20 20 20 20 20
20 20 20 20 20 20 20 20  20 20 20 20 20 29 2c 0d
0a 20 20 20 20 20 20 20  20 20 20 20 20 20 20 20
20 20 20 20 20 20 20 20  20 5d 2c 0d 0a 20 20 20
20 20 20 20 20 20 20 20  20 20 20 20 20 20 20 20
20 20 20 20 20 63 6f 6e  73 74 20 53 69 7a 65 64
42 6f 78 28 68 65 69 67  68 74 3a 20 31 36 29 2c
0d 0a 20 20 20 20 20 20  20 20 20 20 20 20 20 20
20 20 20 20 20 20 20 20  20 20 53 69 7a 65 64 42
6f 78 28 0d 0a 20 20 20  20 20 20 20 20 20 20 20
20 20 20 20 20 20 20 20  20 20 20 20 20 20 20 77
69 64 74 68 3a 20 64 6f  75 62 6c 65 2e 69 6e 66
69 6e 69 74 79 2c 0d 0a  20 20 20 20 20 20 20 20
20 20 20 20 20 20 20 20  20 20 20 20 20 20 20 20
20 20 63 68 69 6c 64 3a  20 45 6c 65 76 61 74 65
64 42 75 74 74 6f 6e 2e  69 63 6f 6e 28 0d 0a 20
20 20 20 20 20 20 20 20  20 20 20 20 20 20 20 20
20 20 20 20 20 20 20 20  20 20 20 6f 6e 50 72 65
73 73 65 64 3a 20 70 72  6f 66 69 6c 65 50 72 6f
76 69 64 65 72 2e 69 73  53 61 76 69 6e 67 0d 0a
20 20 20 20 20 20 20 20  20 20 20 20 20 20 20 20
20 20 20 20 20 20 20 20  20 20 20 20 20 20 20 20
3f 20 6e 75 6c 6c 0d 0a  20 20 20 20 20 20 20 20
20 20 20 20 20 20 20 20  20 20 20 20 20 20 20 20
20 20 20 20 20 20 20 20  3a 20 28 29 20 3d 3e 20
5f 68 61 6e 64 6c 65 53  61 76 65 28 70 72 6f 66
69 6c 65 50 72 6f 76 69  64 65 72 29 2c 0d 0a 20
20 20 20 20 20 20 20 20  20 20 20 20 20 20 20 20
20 20 20 20 20 20 20 20  20 20 20 69 63 6f 6e 3a
20 70 72 6f 66 69 6c 65  50 72 6f 76 69 64 65 72
2e 69 73 53 61 76 69 6e  67 0d 0a 20 20 20 20 20
20 20 20 20 20 20 20 20  20 20 20 20 20 20 20 20
20 20 20 20 20 20 20 20  20 20 20 3f 20 63 6f 6e
73 74 20 53 69 7a 65 64  42 6f 78 28 0d 0a 20 20
20 20 20 20 20 20 20 20  20 20 20 20 20 20 20 20
20 20 20 20 20 20 20 20  20 20 20 20 20 20 20 20
20 20 77 69 64 74 68 3a  20 31 38 2c 0d 0a 20 20
20 20 20 20 20 20 20 20  20 20 20 20 20 20 20 20
20 20 20 20 20 20 20 20  20 20 20 20 20 20 20 20
20 20 68 65 69 67 68 74  3a 20 31 38 2c 0d 0a 20
20 20 20 20 20 20 20 20  20 20 20 20 20 20 20 20
20 20 20 20 20 20 20 20  20 20 20 20 20 20 20 20
20 20 20 63 68 69 6c 64  3a 20 43 69 72 63 75 6c
61 72 50 72 6f 67 72 65  73 73 49 6e 64 69 63 61
74 6f 72 28 73 74 72 6f  6b 65 57 69 64 74 68 3a
20 32 29 2c 0d 0a 20 20  20 20 20 20 20 20 20 20
20 20 20 20 20 20 20 20  20 20 20 20 20 20 20 20
20 20 20 20 20 20 20 20  29 0d 0a 20 20 20 20 20
20 20 20 20 20 20 20 20  20 20 20 20 20 20 20 20
20 20 20 20 20 20 20 20  20 20 20 3a 20 63 6f 6e
73 74 20 49 63 6f 6e 28  49 63 6f 6e 73 2e 73 61
76 65 29 2c 0d 0a 20 20  20 20 20 20 20 20 20 20
20 20 20 20 20 20 20 20  20 20 20 20 20 20 20 20
20 20 6c 61 62 65 6c 3a  20 54 65 78 74 28 0d 0a
20 20 20 20 20 20 20 20  20 20 20 20 20 20 20 20
20 20 20 20 20 20 20 20  20 20 20 20 20 20 70 72
6f 66 69 6c 65 50 72 6f  76 69 64 65 72 2e 69 73
53 61 76 69 6e 67 0d 0a  20 20 20 20 20 20 20 20
20 20 20 20 20 20 20 20  20 20 20 20 20 20 20 20
20 20 20 20 20 20 20 20  20 20 3f 20 27 44 61 6e
67 20 63 61 70 20 6e 68  61 74 2e 2e 2e 27 0d 0a
20 20 20 20 20 20 20 20  20 20 20 20 20 20 20 20
20 20 20 20 20 20 20 20  20 20 20 20 20 20 20 20
20 20 3a 20 27 4c 75 75  20 74 68 61 79 20 64 6f
69 27 2c 0d 0a 20 20 20  20 20 20 20 20 20 20 20
20 20 20 20 20 20 20 20  20 20 20 20 20 20 20 20
20 29 2c 0d 0a 20 20 20  20 20 20 20 20 20 20 20
20 20 20 20 20 20 20 20  20 20 20 20 20 20 20 20
20 73 74 79 6c 65 3a 20  45 6c 65 76 61 74 65 64
42 75 74 74 6f 6e 2e 73  74 79 6c 65 46 72 6f 6d
28 0d 0a 20 20 20 20 20  20 20 20 20 20 20 20 20
20 20 20 20 20 20 20 20  20 20 20 20 20 20 20 20
20 62 61 63 6b 67 72 6f  75 6e 64 43 6f 6c 6f 72
3a 20 43 6f 6c 6f 72 73  2e 62 6c 75 65 5b 37 30
30 5d 2c 0d 0a 20 20 20  20 20 20 20 20 20 20 20
20 20 20 20 20 20 20 20  20 20 20 20 20 20 20 20
20 20 20 66 6f 72 65 67  72 6f 75 6e 64 43 6f 6c
6f 72 3a 20 43 6f 6c 6f  72 73 2e 77 68 69 74 65
2c 0d 0a 20 20 20 20 20  20 20 20 20 20 20 20 20
20 20 20 20 20 20 20 20  20 20 20 20 20 20 20 20
20 70 61 64 64 69 6e 67  3a 20 63 6f 6e 73 74 20
45 64 67 65 49 6e 73 65  74 73 2e 73 79 6d 6d 65
74 72 69 63 28 76 65 72  74 69 63 61 6c 3a 20 31
34 29 2c 0d 0a 20 20 20  20 20 20 20 20 20 20 20
20 20 20 20 20 20 20 20  20 20 20 20 20 20 20 20
20 29 2c 0d 0a 20 20 20  20 20 20 20 20 20 20 20
20 20 20 20 20 20 20 20  20 20 20 20 20 20 20 29
2c 0d 0a 20 20 20 20 20  20 20 20 20 20 20 20 20
20 20 20 20 20 20 20 20  20 20 20 29 2c 0d 0a 20
20 20 20 20 20 20 20 20  20 20 20 20 20 20 20 20
20 20 20 20 20 20 20 63  6f 6e 73 74 20 53 69 7a
65 64 42 6f 78 28 68 65  69 67 68 74 3a 20 31 30
29 2c 0d 0a 20 20 20 20  20 20 20 20 20 20 20 20
20 20 20 20 20 20 20 20  20 20 20 20 53 69 7a 65
64 42 6f 78 28 0d 0a 20  20 20 20 20 20 20 20 20
20 20 20 20 20 20 20 20  20 20 20 20 20 20 20 20
20 77 69 64 74 68 3a 20  64 6f 75 62 6c 65 2e 69
6e 66 69 6e 69 74 79 2c  0d 0a 20 20 20 20 20 20
20 20 20 20 20 20 20 20  20 20 20 20 20 20 20 20
20 20 20 20 63 68 69 6c  64 3a 20 4f 75 74 6c 69
6e 65 64 42 75 74 74 6f  6e 2e 69 63 6f 6e 28 0d
0a 20 20 20 20 20 20 20  20 20 20 20 20 20 20 20
20 20 20 20 20 20 20 20  20 20 20 20 20 6f 6e 50
72 65 73 73 65 64 3a 20  5f 63 6f 6e 66 69 72 6d
4c 6f 67 6f 75 74 2c 0d  0a 20 20 20 20 20 20 20
20 20 20 20 20 20 20 20  20 20 20 20 20 20 20 20
20 20 20 20 20 69 63 6f  6e 3a 20 63 6f 6e 73 74
20 49 63 6f 6e 28 49 63  6f 6e 73 2e 6c 6f 67 6f
75 74 2c 20 63 6f 6c 6f  72 3a 20 43 6f 6c 6f 72
73 2e 72 65 64 29 2c 0d  0a 20 20 20 20 20 20 20
20 20 20 20 20 20 20 20  20 20 20 20 20 20 20 20
20 20 20 20 20 6c 61 62  65 6c 3a 20 63 6f 6e 73
74 20 54 65 78 74 28 0d  0a 20 20 20 20 20 20 20
20 20 20 20 20 20 20 20  20 20 20 20 20 20 20 20
20 20 20 20 20 20 20 27  44 61 6e 67 20 78 75 61
74 27 2c 0d 0a 20 20 20  20 20 20 20 20 20 20 20
20 20 20 20 20 20 20 20  20 20 20 20 20 20 20 20
20 20 20 73 74 79 6c 65  3a 20 54 65 78 74 53 74
79 6c 65 28 63 6f 6c 6f  72 3a 20 43 6f 6c 6f 72
73 2e 72 65 64 29 2c 0d  0a 20 20 20 20 20 20 20
20 20 20 20 20 20 20 20  20 20 20 20 20 20 20 20
20 20 20 20 20 29 2c 0d  0a 20 20 20 20 20 20 20
20 20 20 20 20 20 20 20  20 20 20 20 20 20 20 20
20 20 20 20 20 73 74 79  6c 65 3a 20 4f 75 74 6c
69 6e 65 64 42 75 74 74  6f 6e 2e 73 74 79 6c 65
46 72 6f 6d 28 0d 0a 20  20 20 20 20 20 20 20 20
20 20 20 20 20 20 20 20  20 20 20 20 20 20 20 20
20 20 20 20 20 73 69 64  65 3a 20 63 6f 6e 73 74
20 42 6f 72 64 65 72 53  69 64 65 28 63 6f 6c 6f
72 3a 20 43 6f 6c 6f 72  73 2e 72 65 64 29 2c 0d
0a 20 20 20 20 20 20 20  20 20 20 20 20 20 20 20
20 20 20 20 20 20 20 20  20 20 20 20 20 20 20 70
61 64 64 69 6e 67 3a 20  63 6f 6e 73 74 20 45 64
67 65 49 6e 73 65 74 73  2e 73 79 6d 6d 65 74 72
69 63 28 76 65 72 74 69  63 61 6c 3a 20 31 34 29
2c 0d 0a 20 20 20 20 20  20 20 20 20 20 20 20 20
20 20 20 20 20 20 20 20  20 20 20 20 20 20 20 29
2c 0d 0a 20 20 20 20 20  20 20 20 20 20 20 20 20
20 20 20 20 20 20 20 20  20 20 20 20 20 29 2c 0d
0a 20 20 20 20 20 20 20  20 20 20 20 20 20 20 20
20 20 20 20 20 20 20 20  20 29 2c 0d 0a 20 20 20
20 20 20 20 20 20 20 20  20 20 20 20 20 20 20 20
20 20 20 5d 2c 0d 0a 20  20 20 20 20 20 20 20 20
20 20 20 20 20 20 20 20  20 20 20 29 2c 0d 0a 20
20 20 20 20 20 20 20 20  20 20 20 20 20 20 20 20
20 29 2c 0d 0a 20 20 20  20 20 20 20 20 20 20 20
20 20 20 20 20 29 2c 0d  0a 20 20 20 20 20 20 20
20 29 3b 0d 0a 20 20 20  20 20 20 7d 2c 0d 0a 20
20 20 20 29 3b 0d 0a 20  20 7d 0d 0a 7d 0d 0a 0d
0a 63 6c 61 73 73 20 5f  49 6e 66 6f 43 61 72 64
20 65 78 74 65 6e 64 73  20 53 74 61 74 65 6c 65
73 73 57 69 64 67 65 74  20 7b 0d 0a 20 20 66 69
6e 61 6c 20 50 72 6f 66  69 6c 65 50 72 6f 76 69
64 65 72 20 70 72 6f 66  69 6c 65 50 72 6f 76 69
64 65 72 3b 0d 0a 0d 0a  20 20 63 6f 6e 73 74 20
5f 49 6e 66 6f 43 61 72  64 28 7b 72 65 71 75 69
72 65 64 20 74 68 69 73  2e 70 72 6f 66 69 6c 65
50 72 6f 76 69 64 65 72  7d 29 3b 0d 0a 0d 0a 20
20 40 6f 76 65 72 72 69  64 65 0d 0a 20 20 57 69
64 67 65 74 20 62 75 69  6c 64 28 42 75 69 6c 64
43 6f 6e 74 65 78 74 20  63 6f 6e 74 65 78 74 29
20 7b 0d 0a 20 20 20 20  66 69 6e 61 6c 20 70 72
6f 66 69 6c 65 20 3d 20  70 72 6f 66 69 6c 65 50
72 6f 76 69 64 65 72 2e  70 72 6f 66 69 6c 65 3b
0d 0a 20 20 20 20 69 66  20 28 70 72 6f 66 69 6c
65 20 3d 3d 20 6e 75 6c  6c 29 20 7b 0d 0a 20 20
20 20 20 20 72 65 74 75  72 6e 20 63 6f 6e 73 74
20 53 69 7a 65 64 42 6f  78 2e 73 68 72 69 6e 6b
28 29 3b 0d 0a 20 20 20  20 7d 0d 0a 0d 0a 20 20
20 20 66 69 6e 61 6c 20  61 76 61 74 61 72 20 3d
20 70 72 6f 66 69 6c 65  2e 61 76 61 74 61 72 55
72 6c 3b 0d 0a 20 20 20  20 66 69 6e 61 6c 20 74
72 69 6d 6d 65 64 4e 61  6d 65 20 3d 20 70 72 6f
66 69 6c 65 2e 66 75 6c  6c 4e 61 6d 65 2e 74 72
69 6d 28 29 3b 0d 0a 20  20 20 20 66 69 6e 61 6c
20 69 6e 69 74 69 61 6c  20 3d 20 74 72 69 6d 6d
65 64 4e 61 6d 65 2e 69  73 4e 6f 74 45 6d 70 74
79 20 3f 20 74 72 69 6d  6d 65 64 4e 61 6d 65 2e
73 75 62 73 74 72 69 6e  67 28 30 2c 20 31 29 2e
74 6f 55 70 70 65 72 43  61 73 65 28 29 20 3a 20
27 55 27 3b 0d 0a 0d 0a  20 20 20 20 72 65 74 75
72 6e 20 43 6f 6e 74 61  69 6e 65 72 28 0d 0a 20
20 20 20 20 20 77 69 64  74 68 3a 20 64 6f 75 62
6c 65 2e 69 6e 66 69 6e  69 74 79 2c 0d 0a 20 20
20 20 20 20 70 61 64 64  69 6e 67 3a 20 63 6f 6e
73 74 20 45 64 67 65 49  6e 73 65 74 73 2e 61 6c
6c 28 31 36 29 2c 0d 0a  20 20 20 20 20 20 64 65
63 6f 72 61 74 69 6f 6e  3a 20 42 6f 78 44 65 63
6f 72 61 74 69 6f 6e 28  0d 0a 20 20 20 20 20 20
20 20 67 72 61 64 69 65  6e 74 3a 20 4c 69 6e 65
61 72 47 72 61 64 69 65  6e 74 28 0d 0a 20 20 20
20 20 20 20 20 20 20 63  6f 6c 6f 72 73 3a 20 5b
43 6f 6c 6f 72 73 2e 62  6c 75 65 2e 73 68 61 64
65 37 30 30 2c 20 43 6f  6c 6f 72 73 2e 62 6c 75
65 2e 73 68 61 64 65 35  30 30 5d 2c 0d 0a 20 20
20 20 20 20 20 20 20 20  62 65 67 69 6e 3a 20 41
6c 69 67 6e 6d 65 6e 74  2e 74 6f 70 4c 65 66 74
2c 0d 0a 20 20 20 20 20  20 20 20 20 20 65 6e 64
3a 20 41 6c 69 67 6e 6d  65 6e 74 2e 62 6f 74 74
6f 6d 52 69 67 68 74 2c  0d 0a 20 20 20 20 20 20
20 20 29 2c 0d 0a 20 20  20 20 20 20 20 20 62 6f
72 64 65 72 52 61 64 69  75 73 3a 20 42 6f 72 64
65 72 52 61 64 69 75 73  2e 63 69 72 63 75 6c 61
72 28 31 36 29 2c 0d 0a  20 20 20 20 20 20 29 2c
0d 0a 20 20 20 20 20 20  63 68 69 6c 64 3a 20 52
6f 77 28 0d 0a 20 20 20  20 20 20 20 20 63 68 69
6c 64 72 65 6e 3a 20 5b  0d 0a 20 20 20 20 20 20
20 20 20 20 43 69 72 63  6c 65 41 76 61 74 61 72
28 0d 0a 20 20 20 20 20  20 20 20 20 20 20 20 72
61 64 69 75 73 3a 20 33  30 2c 0d 0a 20 20 20 20
20 20 20 20 20 20 20 20  62 61 63 6b 67 72 6f 75
6e 64 43 6f 6c 6f 72 3a  20 43 6f 6c 6f 72 73 2e
77 68 69 74 65 2c 0d 0a  20 20 20 20 20 20 20 20
20 20 20 20 62 61 63 6b  67 72 6f 75 6e 64 49 6d
61 67 65 3a 20 61 76 61  74 61 72 20 21 3d 20 6e
75 6c 6c 20 26 26 20 61  76 61 74 61 72 2e 69 73
4e 6f 74 45 6d 70 74 79  0d 0a 20 20 20 20 20 20
20 20 20 20 20 20 20 20  20 20 3f 20 4e 65 74 77
6f 72 6b 49 6d 61 67 65  28 61 76 61 74 61 72 29
0d 0a 20 20 20 20 20 20  20 20 20 20 20 20 20 20
20 20 3a 20 6e 75 6c 6c  2c 0d 0a 20 20 20 20 20
20 20 20 20 20 20 20 63  68 69 6c 64 3a 20 61 76
61 74 61 72 20 3d 3d 20  6e 75 6c 6c 20 7c 7c 20
61 76 61 74 61 72 2e 69  73 45 6d 70 74 79 0d 0a
20 20 20 20 20 20 20 20  20 20 20 20 20 20 20 20
3f 20 54 65 78 74 28 0d  0a 20 20 20 20 20 20 20
20 20 20 20 20 20 20 20  20 20 20 20 20 69 6e 69
74 69 61 6c 2c 0d 0a 20  20 20 20 20 20 20 20 20
20 20 20 20 20 20 20 20  20 20 20 73 74 79 6c 65
3a 20 54 65 78 74 53 74  79 6c 65 28 0d 0a 20 20
20 20 20 20 20 20 20 20  20 20 20 20 20 20 20 20
20 20 20 20 63 6f 6c 6f  72 3a 20 43 6f 6c 6f 72
73 2e 62 6c 75 65 2e 73  68 61 64 65 37 30 30 2c
0d 0a 20 20 20 20 20 20  20 20 20 20 20 20 20 20
20 20 20 20 20 20 20 20  66 6f 6e 74 57 65 69 67
68 74 3a 20 46 6f 6e 74  57 65 69 67 68 74 2e 62
6f 6c 64 2c 0d 0a 20 20  20 20 20 20 20 20 20 20
20 20 20 20 20 20 20 20  20 20 20 20 66 6f 6e 74
53 69 7a 65 3a 20 32 34  2c 0d 0a 20 20 20 20 20
20 20 20 20 20 20 20 20  20 20 20 20 20 20 20 29
2c 0d 0a 20 20 20 20 20  20 20 20 20 20 20 20 20
20 20 20 20 20 29 0d 0a  20 20 20 20 20 20 20 20
20 20 20 20 20 20 20 20  3a 20 6e 75 6c 6c 2c 0d
0a 20 20 20 20 20 20 20  20 20 20 29 2c 0d 0a 20
20 20 20 20 20 20 20 20  20 63 6f 6e 73 74 20 53
69 7a 65 64 42 6f 78 28  77 69 64 74 68 3a 20 31
34 29 2c 0d 0a 20 20 20  20 20 20 20 20 20 20 45
78 70 61 6e 64 65 64 28  0d 0a 20 20 20 20 20 20
20 20 20 20 20 20 63 68  69 6c 64 3a 20 43 6f 6c
75 6d 6e 28 0d 0a 20 20  20 20 20 20 20 20 20 20
20 20 20 20 63 72 6f 73  73 41 78 69 73 41 6c 69
67 6e 6d 65 6e 74 3a 20  43 72 6f 73 73 41 78 69
73 41 6c 69 67 6e 6d 65  6e 74 2e 73 74 61 72 74
2c 0d 0a 20 20 20 20 20  20 20 20 20 20 20 20 20
20 63 68 69 6c 64 72 65  6e 3a 20 5b 0d 0a 20 20
20 20 20 20 20 20 20 20  20 20 20 20 20 20 54 65
78 74 28 0d 0a 20 20 20  20 20 20 20 20 20 20 20
20 20 20 20 20 20 20 70  72 6f 66 69 6c 65 2e 66
75 6c 6c 4e 61 6d 65 2c  0d 0a 20 20 20 20 20 20
20 20 20 20 20 20 20 20  20 20 20 20 73 74 79 6c
65 3a 20 63 6f 6e 73 74  20 54 65 78 74 53 74 79
6c 65 28 0d 0a 20 20 20  20 20 20 20 20 20 20 20
20 20 20 20 20 20 20 20  20 63 6f 6c 6f 72 3a 20
43 6f 6c 6f 72 73 2e 77  68 69 74 65 2c 0d 0a 20
20 20 20 20 20 20 20 20  20 20 20 20 20 20 20 20
20 20 20 66 6f 6e 74 53  69 7a 65 3a 20 31 38 2c
0d 0a 20 20 20 20 20 20  20 20 20 20 20 20 20 20
20 20 20 20 20 20 66 6f  6e 74 57 65 69 67 68 74
3a 20 46 6f 6e 74 57 65  69 67 68 74 2e 77 37 30
30 2c 0d 0a 20 20 20 20  20 20 20 20 20 20 20 20
20 20 20 20 20 20 29 2c  0d 0a 20 20 20 20 20 20
20 20 20 20 20 20 20 20  20 20 29 2c 0d 0a 20 20
20 20 20 20 20 20 20 20  20 20 20 20 20 20 63 6f
6e 73 74 20 53 69 7a 65  64 42 6f 78 28 68 65 69
67 68 74 3a 20 34 29 2c  0d 0a 20 20 20 20 20 20
20 20 20 20 20 20 20 20  20 20 54 65 78 74 28 0d
0a 20 20 20 20 20 20 20  20 20 20 20 20 20 20 20
20 20 20 70 72 6f 66 69  6c 65 2e 65 6d 61 69 6c
2c 0d 0a 20 20 20 20 20  20 20 20 20 20 20 20 20
20 20 20 20 20 73 74 79  6c 65 3a 20 54 65 78 74
53 74 79 6c 65 28 63 6f  6c 6f 72 3a 20 43 6f 6c
6f 72 73 2e 77 68 69 74  65 2e 77 69 74 68 4f 70
61 63 69 74 79 28 30 2e  39 35 29 29 2c 0d 0a 20
20 20 20 20 20 20 20 20  20 20 20 20 20 20 20 29
2c 0d 0a 20 20 20 20 20  20 20 20 20 20 20 20 20
20 20 20 63 6f 6e 73 74  20 53 69 7a 65 64 42 6f
78 28 68 65 69 67 68 74  3a 20 36 29 2c 0d 0a 20
20 20 20 20 20 20 20 20  20 20 20 20 20 20 20 57
72 61 70 28 0d 0a 20 20  20 20 20 20 20 20 20 20
20 20 20 20 20 20 20 20  73 70 61 63 69 6e 67 3a
20 38 2c 0d 0a 20 20 20  20 20 20 20 20 20 20 20
20 20 20 20 20 20 20 72  75 6e 53 70 61 63 69 6e
67 3a 20 36 2c 0d 0a 20  20 20 20 20 20 20 20 20
20 20 20 20 20 20 20 20  20 63 68 69 6c 64 72 65
6e 3a 20 5b 0d 0a 20 20  20 20 20 20 20 20 20 20
20 20 20 20 20 20 20 20  20 20 5f 53 74 61 74 75
73 43 68 69 70 28 0d 0a  20 20 20 20 20 20 20 20
20 20 20 20 20 20 20 20  20 20 20 20 20 20 6c 61
62 65 6c 3a 20 70 72 6f  66 69 6c 65 2e 72 6f 6c
65 2e 74 6f 55 70 70 65  72 43 61 73 65 28 29 2c
0d 0a 20 20 20 20 20 20  20 20 20 20 20 20 20 20
20 20 20 20 20 20 20 20  63 6f 6c 6f 72 3a 20 43
6f 6c 6f 72 73 2e 69 6e  64 69 67 6f 2e 73 68 61
64 65 31 30 30 2c 0d 0a  20 20 20 20 20 20 20 20
20 20 20 20 20 20 20 20  20 20 20 20 20 20 74 65
78 74 43 6f 6c 6f 72 3a  20 43 6f 6c 6f 72 73 2e
69 6e 64 69 67 6f 2e 73  68 61 64 65 39 30 30 2c
0d 0a 20 20 20 20 20 20  20 20 20 20 20 20 20 20
20 20 20 20 20 20 29 2c  0d 0a 20 20 20 20 20 20
20 20 20 20 20 20 20 20  20 20 20 20 20 20 5f 53
74 61 74 75 73 43 68 69  70 28 0d 0a 20 20 20 20
20 20 20 20 20 20 20 20  20 20 20 20 20 20 20 20
20 20 6c 61 62 65 6c 3a  20 70 72 6f 66 69 6c 65
2e 69 73 56 65 72 69 66  69 65 64 20 3f 20 27 44
61 20 78 61 63 20 6d 69  6e 68 27 20 3a 20 27 43
68 75 61 20 78 61 63 20  6d 69 6e 68 27 2c 0d 0a
20 20 20 20 20 20 20 20  20 20 20 20 20 20 20 20
20 20 20 20 20 20 63 6f  6c 6f 72 3a 20 70 72 6f
66 69 6c 65 2e 69 73 56  65 72 69 66 69 65 64 20
3f 20 43 6f 6c 6f 72 73  2e 67 72 65 65 6e 2e 73
68 61 64 65 31 30 30 20  3a 20 43 6f 6c 6f 72 73
2e 6f 72 61 6e 67 65 2e  73 68 61 64 65 31 30 30
2c 0d 0a 20 20 20 20 20  20 20 20 20 20 20 20 20
20 20 20 20 20 20 20 20  20 74 65 78 74 43 6f 6c
6f 72 3a 20 70 72 6f 66  69 6c 65 2e 69 73 56 65
72 69 66 69 65 64 20 3f  20 43 6f 6c 6f 72 73 2e
67 72 65 65 6e 2e 73 68  61 64 65 39 30 30 20 3a
20 43 6f 6c 6f 72 73 2e  6f 72 61 6e 67 65 2e 73
68 61 64 65 39 30 30 2c  0d 0a 20 20 20 20 20 20
20 20 20 20 20 20 20 20  20 20 20 20 20 20 29 2c
0d 0a 20 20 20 20 20 20  20 20 20 20 20 20 20 20
20 20 20 20 5d 2c 0d 0a  20 20 20 20 20 20 20 20
20 20 20 20 20 20 20 20  29 2c 0d 0a 20 20 20 20
20 20 20 20 20 20 20 20  20 20 29 2c 0d 0a 20 20
20 20 20 20 20 20 20 20  20 20 29 2c 0d 0a 20 20
20 20 20 20 20 20 20 20  29 2c 0d 0a 20 20 20 20
20 20 20 20 5d 2c 0d 0a  20 20 20 20 20 20 29 2c
0d 0a 20 20 20 20 29 3b  0d 0a 20 20 7d 0d 0a 7d
0d 0a 0d 0a 63 6c 61 73  73 20 5f 53 74 61 74 75
73 43 68 69 70 20 65 78  74 65 6e 64 73 20 53 74
61 74 65 6c 65 73 73 57  69 64 67 65 74 20 7b 0d
0a 20 20 66 69 6e 61 6c  20 53 74 72 69 6e 67 20
6c 61 62 65 6c 3b 0d 0a  20 20 66 69 6e 61 6c 20
43 6f 6c 6f 72 20 63 6f  6c 6f 72 3b 0d 0a 20 20
66 69 6e 61 6c 20 43 6f  6c 6f 72 20 74 65 78 74
43 6f 6c 6f 72 3b 0d 0a  0d 0a 20 20 63 6f 6e 73
74 20 5f 53 74 61 74 75  73 43 68 69 70 28 7b 0d
0a 20 20 20 20 72 65 71  75 69 72 65 64 20 74 68
69 73 2e 6c 61 62 65 6c  2c 0d 0a 20 20 20 20 72
65 71 75 69 72 65 64 20  74 68 69 73 2e 63 6f 6c
6f 72 2c 0d 0a 20 20 20  20 72 65 71 75 69 72 65
64 20 74 68 69 73 2e 74  65 78 74 43 6f 6c 6f 72
2c 0d 0a 20 20 7d 29 3b  0d 0a 0d 0a 20 20 40 6f
76 65 72 72 69 64 65 0d  0a 20 20 57 69 64 67 65
74 20 62 75 69 6c 64 28  42 75 69 6c 64 43 6f 6e
74 65 78 74 20 63 6f 6e  74 65 78 74 29 20 7b 0d
0a 20 20 20 20 72 65 74  75 72 6e 20 43 6f 6e 74
61 69 6e 65 72 28 0d 0a  20 20 20 20 20 20 70 61
64 64 69 6e 67 3a 20 63  6f 6e 73 74 20 45 64 67
65 49 6e 73 65 74 73 2e  73 79 6d 6d 65 74 72 69
63 28 68 6f 72 69 7a 6f  6e 74 61 6c 3a 20 31 30
2c 20 76 65 72 74 69 63  61 6c 3a 20 34 29 2c 0d
0a 20 20 20 20 20 20 64  65 63 6f 72 61 74 69 6f
6e 3a 20 42 6f 78 44 65  63 6f 72 61 74 69 6f 6e
28 0d 0a 20 20 20 20 20  20 20 20 63 6f 6c 6f 72
3a 20 63 6f 6c 6f 72 2c  0d 0a 20 20 20 20 20 20
20 20 62 6f 72 64 65 72  52 61 64 69 75 73 3a 20
42 6f 72 64 65 72 52 61  64 69 75 73 2e 63 69 72
63 75 6c 61 72 28 39 39  39 29 2c 0d 0a 20 20 20
20 20 20 29 2c 0d 0a 20  20 20 20 20 20 63 68 69
6c 64 3a 20 54 65 78 74  28 0d 0a 20 20 20 20 20
20 20 20 6c 61 62 65 6c  2c 0d 0a 20 20 20 20 20
20 20 20 73 74 79 6c 65  3a 20 54 65 78 74 53 74
79 6c 65 28 0d 0a 20 20  20 20 20 20 20 20 20 20
63 6f 6c 6f 72 3a 20 74  65 78 74 43 6f 6c 6f 72
2c 0d 0a 20 20 20 20 20  20 20 20 20 20 66 6f 6e
74 53 69 7a 65 3a 20 31  31 2c 0d 0a 20 20 20 20
20 20 20 20 20 20 66 6f  6e 74 57 65 69 67 68 74
3a 20 46 6f 6e 74 57 65  69 67 68 74 2e 77 37 30
30 2c 0d 0a 20 20 20 20  20 20 20 20 29 2c 0d 0a
20 20 20 20 20 20 29 2c  0d 0a 20 20 20 20 29 3b
0d 0a 20 20 7d 0d 0a 7d  0d 0a
